junk full chords
0 7 15 17 19 22 26 31
0 7 19 21 23 26 30
0 7 14 15 17 19 22 24 26 29
0 7 14 16 21 23 28
0 7 19 22 27
0 7 10 15 17 19 22 26
0 8 10 14 16 18 20 22 25
0 10 15 16 20
0 7 9 11 14 16 19 23
0 8 10 12 14 15 17 19 22
0 7 9 10 15 21
0 8 9 12 15 20

junk 4 note version
0 15 22 26
0 18 23 28
0 15 22 26
0 21 23 28
0 19 22 27
0 15 22 26
0 20 22 28
0 15 16 22
0 14 16 23
0 15 20 22
0 10 15 21
0 9 15 20



modes:
harm
harm7
maj
min 
dim
maj7
min7
dom7
dim7
jazz7
baroque
baroque7
seventh:
0
1
0
0
0
1
1
1
1
1
0
1
data:
0 4 7 11
0 4 7 11
0 3 7 10
0 4 7 11
0 3 7 10
0 4 7 11
0 3 6 10
0 4 7 10
0 4 7 11
0 3 7 10
0 4 7 11
0 3 6 10
 
0 4 7 11
0 4 7 11
0 3 7 10
0 4 7 11
0 3 7 10
0 4 7 11
0 3 6 10
0 4 7 10
0 4 7 11
0 3 7 10
0 4 7 11
0 3 6 10
 
0 4 7 11
0 4 7 11
0 4 7 11
0 4 7 11
0 4 7 11
0 4 7 11
0 4 7 11
0 4 7 11
0 4 7 11
0 4 7 11
0 4 7 11
0 4 7 11
 
0 3 7 10
0 3 7 10
0 3 7 10
0 3 7 10
0 3 7 10
0 3 7 10
0 3 7 10
0 3 7 10
0 3 7 10
0 3 7 10
0 3 7 10
0 3 7 10
 
0 3 6 10
0 3 6 10
0 3 6 10
0 3 6 10
0 3 6 10
0 3 6 10
0 3 6 10
0 3 6 10
0 3 6 10
0 3 6 10
0 3 6 10
0 3 6 10
 
0 4 7 11
0 4 7 11
0 4 7 11
0 4 7 11
0 4 7 11
0 4 7 11
0 4 7 11
0 4 7 11
0 4 7 11
0 4 7 11
0 4 7 11
0 4 7 11
 
0 3 7 10
0 3 7 10
0 3 7 10
0 3 7 10
0 3 7 10
0 3 7 10
0 3 7 10
0 3 7 10
0 3 7 10
0 3 7 10
0 3 7 10
0 3 7 10
 
0 4 7 10
0 4 7 10
0 4 7 10
0 4 7 10
0 4 7 10
0 4 7 10
0 4 7 10
0 4 7 10
0 4 7 10
0 4 7 10
0 4 7 10
0 4 7 10
 
0 3 6 10
0 3 6 10
0 3 6 10
0 3 6 10
0 3 6 10
0 3 6 10
0 3 6 10
0 3 6 10
0 3 6 10
0 3 6 10
0 3 6 10
0 3 6 10
 
0 4 11 14
0 4 10 18
0 3 10 14
0 4 9 11
0 3 7 10
0 3 10 14
0 4 10 18
0 4 10 13
0  4 8 10 
0 4 10 15
0 4 11 18
0 4  8 10
 
0 4 7 11
0 4 8 11
0 3 7 10
0 4 7 11
0 4 7 10
0 4 7 11
0 3 6 10
0 4 7 10
0 3 6 9
0 3 7 11
0 4 7 11
0 3 6 10
 
0 4 7 11
0 4 8 11
0 3 7 10
0 4 7 11
0 4 7 10
0 4 7 11
0 3 6 10
0 4 7 10
0 3 6 9
0 3 7 11
0 4 7 11
0 3 6 10

0 15 22 26
0 18 23 28
0 15 22 26
0 21 23 28
0 19 22 27
0 15 22 26
0 20 22 28
0 15 16 22
0 14 16 23
0 15 20 22
0 10 15 21
0 9 15 20
