0 length 6600;
0 note 74 100;
55 note 68 0;
74 note 71 100;
117 note 74 0;
154 note 60 100;
156 note 71 0;
190 note 64 100;
325 note 60 0;
336 note 64 0;
386 note 65 100;
473 note 64 100;
506 note 65 0;
512 note 72 100;
520 note 64 0;
522 note 64 100;
540 note 64 0;
645 note 67 100;
660 note 72 0;
715 note 67 0;
731 note 65 100;
790 note 64 100;
844 note 65 0;
892 note 60 100;
991 note 64 0;
1085 note 60 0;
1096 note 60 100;
1104 note 60 0;
1234 note 74 100;
1309 note 71 100;
1335 note 83 100;
1352 note 74 0;
1389 note 60 100;
1391 note 71 0;
1425 note 64 100;
1560 note 60 0;
1571 note 64 0;
1621 note 65 100;
1708 note 64 100;
1741 note 65 0;
1747 note 72 100;
1755 note 64 0;
1757 note 64 100;
1775 note 64 0;
1880 note 67 100;
1895 note 72 0;
1950 note 67 0;
1966 note 65 100;
2025 note 64 100;
2079 note 65 0;
2127 note 60 100;
2226 note 64 0;
2240 knob1 0.0234604;
2279 knob1 0.0625611;
2312 knob1 0.109482;
2320 note 60 0;
2328 knob1 0.136852;
2331 note 60 100;
2339 note 60 0;
2357 knob1 0.180841;
2388 knob1 0.223851;
2423 knob1 0.273705;
2460 knob1 0.321603;
2469 note 74 100;
2474 knob1 0.355816;
2504 knob1 0.394917;
2533 knob1 0.427175;
2544 note 71 100;
2568 knob1 0.462366;
2587 note 74 0;
2606 knob1 0.476051;
2624 note 60 100;
2626 note 71 0;
2651 knob1 0.478983;
2660 note 64 100;
2745 note 83 0;
2795 note 60 0;
2806 note 64 0;
2856 note 65 100;
2943 note 64 100;
2976 note 65 0;
2982 note 72 100;
2990 note 64 0;
2992 note 64 100;
3010 note 64 0;
3115 note 67 100;
3130 note 72 0;
3185 note 67 0;
3201 note 65 100;
3260 note 64 100;
3301 knob2 0.544477;
3314 note 65 0;
3337 knob2 0.658847;
3350 knob2 0.71652;
3362 note 60 100;
3379 knob2 0.798631;
3412 knob2 0.822092;
3448 knob2 0.83089;
3461 note 64 0;
3484 knob2 0.853372;
3497 knob2 0.861193;
3555 note 60 0;
3566 note 60 100;
3574 note 60 0;
3627 note 83 100;
3704 note 74 100;
3741 knob1 0.56305;
3776 knob1 0.72825;
3779 note 71 100;
3789 knob1 0.833822;
3818 knob1 1;
3822 note 74 0;
3859 note 60 100;
3861 note 71 0;
3895 note 64 100;
4030 note 60 0;
4041 note 64 0;
4081 knob1 0.956012;
4091 note 65 100;
4111 knob1 0.892473;
4141 knob1 0.832845;
4176 knob1 0.762463;
4178 note 64 100;
4211 note 65 0;
4213 knob1 0.659824;
4217 note 72 100;
4225 note 64 0;
4227 note 64 100;
4228 knob1 0.587488;
4245 note 64 0;
4256 knob1 0.499511;
4286 knob1 0.435973;
4323 knob1 0.346041;
4350 note 67 100;
4360 knob1 0.26002;
4365 note 72 0;
4373 knob1 0.222874;
4402 knob1 0.173998;
4420 note 67 0;
4433 knob1 0.105572;
4436 note 65 100;
4469 knob1 0;
4495 note 64 100;
4549 note 65 0;
4597 note 60 100;
4615 knob1 0.0967742;
4652 knob1 0.199413;
4665 knob1 0.264907;
4696 knob1 0.371457;
4696 note 64 0;
4724 knob1 0.478006;
4761 knob1 0.630499;
4790 note 60 0;
4797 knob1 0.802542;
4801 note 60 100;
4809 note 60 0;
4812 knob1 0.916911;
4840 knob1 1;
4939 note 74 100;
4943 knob1 0.98045;
4956 knob1 0.896383;
4986 knob1 0.735093;
5014 note 71 100;
5018 knob1 0.615836;
5053 knob1 0.476051;
5057 note 74 0;
5091 knob1 0.326491;
5094 note 60 100;
5096 note 71 0;
5103 knob1 0.252199;
5130 note 64 100;
5132 knob1 0.172043;
5164 knob1 0.0752688;
5199 knob1 0;
5265 note 60 0;
5276 note 64 0;
5326 note 65 100;
5335 knob1 0.0733138;
5382 knob1 0.326491;
5396 knob1 0.460411;
5413 note 64 100;
5425 knob1 0.656892;
5446 note 65 0;
5452 note 72 100;
5455 knob1 0.879765;
5460 note 64 0;
5462 note 64 100;
5480 note 64 0;
5492 knob1 1;
5585 note 67 100;
5600 note 72 0;
5602 knob1 0.967742;
5637 knob1 0.740958;
5655 note 67 0;
5671 note 65 100;
5674 knob1 0.517107;
5687 knob1 0.399805;
5718 knob1 0.264907;
5730 note 64 100;
5749 knob1 0.110459;
5784 knob1 0;
5784 note 65 0;
5832 note 60 100;
5921 knob1 0.030303;
5931 note 64 0;
5967 knob1 0.198436;
5979 knob1 0.28739;
6008 knob1 0.40567;
6025 note 60 0;
6036 note 60 100;
6039 knob1 0.537634;
6044 note 60 0;
6076 knob1 0.718475;
6113 knob1 1;
6174 note 74 100;
6249 note 71 100;
6259 knob1 0.836755;
6272 knob1 0.676442;
6292 note 74 0;
6302 knob1 0.453568;
6329 note 60 100;
6331 note 71 0;
6332 knob1 0.266862;
6365 note 64 100;
6368 knob1 0.0821114;
6404 knob1 0;
6498 note 83 0;
6500 note 60 0;
6511 note 64 0;
6561 note 65 100;
