0
1
2
3
4
5
6
7
8
9
10
11
12
13
14
15
16
17
18
19
20
21
22
23
24
25
26
27
28
29
30
31
32
33
34
35
36
37
38
39
40
41
42
43
44
45
46
47
48
49
50
51
52
53
54
55
56
57
58
59
60
61
62
63
64
65
66
67
68
69
70
71
72
73
74
75
76
77
78
79
80
81
82
83
84
85
86
87
88
89
90
91
92
93
94
95
96
97
98
99
100
101
102
103
104
105
106
107
108
109
110
111
112
113
114
115
116
117
118
119
120
121
122
123
124
125
126
127
0
1.12
2.04
3.16
3.86
4.98
6
7.02
8.14
7.96
8.84
10.88
12
13.12
14.04
15.16
15.86
16.98
18
19.02
20.14
19.96
20.84
22.88
24
25.12
26.04
27.16
27.86
28.98
30
31.02
32.14
31.96
32.84
34.88
36
37.12
38.04
39.16
39.86
40.98
42
43.02
44.14
43.96
44.84
46.88
48
49.12
50.04
51.16
51.86
52.98
54
55.02
56.14
55.96
56.84
58.88
60
61.12
62.04
63.16
63.86
64.98
66
67.02
68.14
67.96
68.84
70.88
72
73.12
74.04
75.16
75.86
76.98
78
79.02
80.14
79.96
80.84
82.88
84
85.12
86.04
87.16
87.86
88.98
90
91.02
92.14
91.96
92.84
94.88
96
97.12
98.04
99.16
99.86
100.98
102
103.02
104.14
103.96
104.84
106.88
108
109.12
110.04
111.16
111.86
112.98
114
115.02
116.14
115.96
116.84
118.88
120
121.12
122.04
123.16
123.86
124.98
126
127.02
0
1
2
3.5
4
5
6
7
8
9
10.5
11
12
13
14
15.5
16
17
18
19
20
21
22.5
23
24
25
26
27.5
28
29
30
31
32
33
34.5
35
36
37
38
39.5
40
41
42
43
44
45
46.5
47
48
49
50
51.5
52
53
54
55
56
57
58.5
59
60
61
62
63.5
64
65
66
67
68
69
70.5
71
72
73
74
75.5
76
77
78
79
80
81
82.5
83
84
85
86
87.5
88
89
90
91
92
93
94.5
95
96
97
98
99.5
100
101
102
103
104
105
106.5
107
108
109
110
111.5
112
113
114
115
116
117
118.5
119
120
121
122
123.5
124
125
126
127
0
1.7665
2.0391
2.3961
4.7078
4.4352
6.7469
7.0196
7.3765
9.6883
9.4156
11.7274
12
13.7665
14.0391
14.3961
16.7078
16.4352
18.7469
19.0196
19.3765
21.6883
21.4156
23.7274
24
25.7665
26.0391
26.3961
28.7078
28.4352
30.7469
31.0196
31.3765
33.6883
33.4156
35.7274
36
37.7665
38.0391
38.3961
40.7078
40.4352
42.7469
43.0196
43.3765
45.6883
45.4156
47.7274
48
49.7665
50.0391
50.3961
52.7078
52.4352
54.7469
55.0196
55.3765
57.6883
57.4156
59.7274
60
61.7665
62.0391
62.3961
64.7078
64.4352
66.7469
67.0196
67.3765
69.6883
69.4156
71.7274
72
73.7665
74.0391
74.3961
76.7078
76.4352
78.7469
79.0196
79.3765
81.6883
81.4156
83.7274
84
85.7665
86.0391
86.3961
88.7078
88.4352
90.7469
91.0196
91.3765
93.6883
93.4156
95.7274
96
97.7665
98.0391
98.3961
100.7078
100.4352
102.7469
103.0196
103.3765
105.6883
105.4156
107.7274
108
109.7665
110.0391
110.3961
112.7078
112.4352
114.7469
115.0196
115.3765
117.6883
117.4156
119.7274
120
121.7665
122.0391
122.3961
124.7078
124.4352
126.7469
127.0196